2
50
-100 -100 99 100 100 99
43 58 -48 64 37 -33
-71 -9 54 41 47 -13
28 28 80 28 54 -39
-100 -100 99 100 100 97
-51 -39 -19 18 6 -71
-100 -100 100 -100 -100 100
17 -71 35 73 -67 51
60 7 -84 -9 -91 87
17 65 40 14 -62 -32
74 -80 -65 -72 -65 -88
90 -33 -38 54 -60 -65
22 15 -81 -48 12 29
-100 -100 100 -100 -98 100
-3 -1 -70 65 63 66
-48 -21 74 -75 74 33
-100 -100 100 -100 -98 100
70 -90 8 -34 -8 48
-100 -100 99 100 100 99
-100 -100 99 100 100 99
-100 -100 100 -100 -99 100
-100 -100 99 100 100 97
65 35 14 35 -10 80
83 -53 -10 28 81 -75
-100 -100 100 -100 -98 100
11 81 64 -68 30 -76
-93 93 77 -9 4 62
-100 -100 99 100 100 98
-99 -21 55 13 -62 69
1 97 52 77 72 26
-42 18 6 -32 71 -28
-100 -100 99 100 100 98
83 -36 2 -68 -62 94
-100 -100 99 100 100 98
11 94 22 44 55 1
-99 -10 36 43 -30 -56
-15 -6 -42 21 7 16
-63 -31 25 93 -58 92
-100 -100 100 -100 -99 100
-100 -100 100 -100 -98 100
-100 -100 100 -100 -100 100
-34 96 15 12 -34 -72
-100 -100 99 100 100 97
-100 -100 100 -100 -99 100
82 58 44 60 